,Comp_0,Comp_2,Comp_1,Comp_3,Comp_4,Comp_7,Comp_12,Comp_6,Comp_8,Comp_5,Comp_13,Comp_22,Comp_15,Comp_23,Comp_19,Comp_14,Comp_9,Comp_11,Comp_21,Comp_10,Comp_16,Comp_18,Comp_20,Comp_17
TCGA-BH-A0DP-01A,0.4064693862267942,7.950950421250147e-26,3.9055154602247345e-20,0.2663991337473469,5.97356153532879e-20,1.7971930480416968e-11,1.2917250318214164e-21,8.15881452771752e-18,2.661047793898944e-23,3.422532096857019e-20,0.32713147929997444,8.821407858301234e-21,1.3100089531510846e-16,1.2054127159930787e-21,1.645956347441967e-11,8.179187702558581e-32,8.028685988105105e-23,3.266447055570074e-23,1.189654855642509e-18,6.907963022326557e-24,1.2169825598569996e-22,2.3657067091985777e-29,9.839091127991416e-17,2.3988012616282557e-20
TCGA-A2-A0T4-01A,0.3925763041443279,1.0937945748274154e-19,8.089270693979661e-16,0.19595435588633395,2.1011601071906772e-16,1.3726871547664406e-13,3.1458018170437426e-15,0.07938171505674356,6.702063331598665e-21,7.30217533542775e-16,0.33183559158874554,3.665082405143447e-10,2.2740214868136632e-14,7.040112114841466e-19,0.0002520322509850118,3.5851942230602186e-21,3.538535162965532e-19,1.0738363731954194e-18,5.3021545322122973e-14,5.278905113611521e-18,6.324951555251397e-16,4.9696350962601045e-17,2.32685119624096e-11,1.5833732892204288e-16
TCGA-MP-A4T7-01A,0.3681629971802346,3.2821137118491655e-06,7.380701366356363e-12,6.3240812164942254e-15,1.4861873784008622e-20,2.555340845431961e-18,0.30435271603699215,0.09581256863240999,2.822795292057176e-17,4.883448440971573e-21,3.937022854320542e-17,0.20136396525606695,2.9545132347481894e-11,1.9293385346355685e-16,0.03030375453454509,2.5662238816202454e-21,8.462389749940092e-18,9.511736692258726e-11,4.666819402213518e-11,7.634732070406684e-18,2.3805764429178322e-08,1.2423446663703785e-23,6.88570815443576e-07,3.0205927146817716e-09
TCGA-NH-A6GC-01A,0.36919164153246,0.22681980676090438,4.295618754070879e-17,6.048961121182335e-16,9.787945660038406e-11,3.4557688366116945e-12,4.3474742685495576e-11,0.3371993626450919,1.979491580050789e-21,3.855243194615892e-18,3.968384608352503e-06,4.3738806167398476e-05,9.426905267133996e-11,2.2627236309826976e-17,0.0032861945824255437,1.5200324529407276e-17,9.451091623034573e-13,0.025692799163212217,2.4774304590611054e-16,6.814999211709101e-15,1.6434825166219301e-15,2.7844739371950208e-14,0.0001437622142675374,0.037618724986502136
TCGA-A2-A0YG-01A,0.37566567778970483,1.1274697375113089e-21,7.752035471188286e-15,0.306912952326927,1.4254901862539524e-13,2.3735937777477272e-07,1.669762904619714e-16,0.02591935975812507,8.866159169638551e-16,4.0455365673843906e-14,0.28846459194915774,8.412249048003644e-16,2.1352848661704927e-15,2.214742898662981e-19,0.003037179902351923,3.987543342018635e-17,6.658995818190522e-20,2.8292607441843176e-17,1.3379410929201327e-13,2.4388433253891184e-17,6.533997592266414e-15,2.1559235322393204e-10,8.216931948178539e-13,3.3968383937128594e-17
TCGA-93-A4JO-01A,0.35113927213240764,3.403597548799834e-21,4.619899818598417e-22,5.129034435445217e-21,3.272099917877027e-26,3.0890633686110925e-18,0.30815119018754605,0.3407095369489564,1.7110326302820804e-26,1.5266029702981663e-14,3.408859059934644e-18,1.4754925868462864e-18,6.944999653918923e-14,8.210551140960262e-19,1.4488788602282239e-21,2.838740613297523e-27,2.6349309105432508e-25,7.034283370598061e-11,1.4879372744875484e-17,4.44739949223974e-26,8.102261250131577e-26,5.57393157712569e-31,1.5246726902453526e-17,9.233209955128058e-17
TCGA-C8-A8HR-01A,0.3602339762259453,5.563718204511632e-22,1.7415237060208586e-19,0.1617577919743555,2.3284540491322113e-19,1.4547242677711468e-12,1.5848958583139283e-15,0.21301273987472627,5.016142138161853e-25,1.9798284010089894e-17,0.245109478537479,0.019885971876132627,7.91400312985582e-17,1.168358652986142e-10,6.717268670905986e-09,1.105158825925916e-10,2.299056382651341e-17,3.3881457181220185e-08,1.0797532911226193e-12,1.7529081218707777e-18,5.387661590404826e-19,1.7547228226412622e-13,2.904395122790207e-12,1.7996301329676463e-13
TCGA-BR-A4J7-01A,0.3557075853839103,0.2195675379512912,9.139046000958775e-14,1.3179690315571216e-09,5.634144735597552e-11,0.03924628260363651,1.6024369468394423e-08,0.20368683831721052,2.423683730209545e-11,3.459804057837474e-15,2.658650615221131e-12,7.275142640012049e-14,0.18151312897242763,3.0716912900187617e-15,2.7713359612761215e-07,0.00026628956505453085,8.553793925013805e-18,1.2041494689746676e-05,1.7594217273241133e-12,3.873827559989671e-13,6.671083059803081e-13,4.5346500642964434e-10,9.143917111350428e-13,7.102449643379856e-15
TCGA-LN-A49W-01A,0.33537731187575975,6.235176255693483e-07,3.86823807167837e-15,8.923909594113674e-05,3.2937136263818077e-21,0.024204268506312975,3.130839575351996e-05,0.22922218523065252,5.00697741705769e-16,3.4198492774598386e-15,0.1183899398823044,0.12903510367918034,0.16103322020877364,1.742473412354062e-06,1.0681961493627737e-16,8.093205166112807e-25,1.715421833026282e-20,0.002602829264304551,5.085537202262501e-08,9.806087462383204e-22,6.033383442407703e-19,1.403962637130524e-24,5.558997340435132e-13,1.2176352075600733e-05
TCGA-A6-A565-01A,0.36168998318005074,0.3310626014551515,6.197607378875132e-15,1.0950117617899653e-15,7.288814243655212e-13,2.447671036345718e-18,8.804315528955486e-07,0.015275293135387176,2.1042177957850857e-18,3.609443111141219e-19,2.682927309379291e-13,0.2429657790685582,3.609182863054061e-16,7.169677040341862e-20,0.048389151265083453,1.0457950420181765e-17,1.2277704175282513e-14,8.265299251804144e-13,3.2388594109949655e-15,2.2398987942991457e-16,4.506701696394791e-16,6.681505792442498e-12,0.0006162890793176634,2.1647679529786405e-08
TCGA-VQ-A91W-01A,0.34931434235404385,0.31575990773972107,7.416762287110175e-16,8.972681425958009e-16,8.47621451414118e-17,2.2965993456380658e-10,1.1186146542477586e-08,0.1471354616648257,1.760352824591983e-07,4.7850990390603326e-20,1.247290894409549e-16,2.305289525130376e-15,0.1877856125871254,5.631118962932978e-15,4.958554680094274e-15,2.8700321522286824e-29,3.9630250299037653e-13,9.64131363027434e-16,2.9717391475418784e-08,1.904893288628994e-18,9.119389108556932e-13,3.312418095211398e-25,3.985081971900792e-06,4.72690205420128e-07
TCGA-D7-A6EZ-01A,0.28781307438643594,0.2102044835342104,2.75490608206732e-16,1.0714401052831135e-20,1.0507394009223555e-13,9.451419611797323e-17,4.6825459857459844e-14,0.17168665394195173,0.00011868629607350318,3.6836609255556e-21,1.1991632148889722e-19,1.4261364635042234e-11,0.17356509369973638,3.237799733619423e-17,2.919289217868136e-12,0.10314446636978997,5.095331759979186e-10,0.0042917818747790675,2.6526284130401346e-18,3.037276708925431e-13,1.7156638130138704e-11,0.04917573837776625,1.3046191677410612e-13,2.0292550288924914e-08
TCGA-D8-A13Z-01A,0.2908517725335901,0.00432123034766509,6.357429071665112e-16,0.25373943621116785,6.917043917394384e-17,0.026099329559809852,0.08606214383177146,4.904846751749085e-28,1.0725398981274432e-16,3.672760222833476e-14,0.06323012695495409,0.04831913747852008,0.21972081056163942,0.007344405149177017,7.457198569654288e-19,2.1096556884539084e-15,9.631403670227767e-13,1.089203386205791e-12,0.000311604452715287,4.1028460967440796e-16,1.44977322941977e-14,5.7586648992978345e-21,8.54237932440787e-16,2.2223255108879376e-09
TCGA-BR-A4CR-01A,0.21468076426871965,0.17358777195755168,9.699918720755189e-09,0.010874943762143548,3.532177729979857e-10,0.03582082884845441,0.016874892520439295,9.196123479210184e-06,0.025205892184362897,1.6133396637857746e-12,7.364417640148223e-22,1.3742225325498733e-16,0.05805193273660083,3.528802195716102e-13,1.795605210622087e-10,0.1964490347991694,7.382723324282643e-20,0.0005460329178616493,3.381241647480154e-12,0.11501258501206715,1.4422659843267219e-18,4.7900463260295724e-17,8.898098151291213e-20,0.15288611399324298
TCGA-AA-A00J-01A,0.27640726514362046,0.7235927338736737,1.1025303085896267e-27,1.6288505267821867e-12,9.724484634648731e-26,1.890783945476685e-10,5.359345860655567e-17,3.539148665281724e-36,3.7282894137872216e-15,3.490372319750178e-27,7.892503254637975e-24,4.385891728779782e-21,7.443041107580423e-14,1.1726285733095008e-17,3.951437010043661e-30,7.563979760456291e-32,3.1868734439960994e-22,1.1935198972799349e-28,1.2558319185765173e-19,6.799563749897096e-23,1.6846439195408623e-30,1.3307674569200225e-34,1.6002281508971445e-27,5.2151572086926486e-20
TCGA-QL-A97D-01A,0.2765239471433142,0.7234760520647915,4.143159188308881e-28,3.279900827656203e-29,3.5937494199288944e-31,5.603235417692465e-28,1.4871923084430547e-22,1.474752518329591e-31,7.241515246251096e-24,6.525517246024005e-26,7.993319737399841e-25,2.0360193336416422e-20,5.86387285302447e-18,9.696112596568277e-27,1.3420074720235508e-26,2.6390137534820036e-32,1.271519029622038e-30,1.1230834104449243e-30,1.7871429255631535e-22,7.514899890563802e-33,1.9223414463032292e-27,1.6014315757004565e-36,1.348016345200865e-27,2.029282956295637e-19
TCGA-AA-A01S-01A,0.2960110158382229,0.7039889833742455,1.4084339747418945e-26,1.37750990232914e-31,1.1820259887221448e-32,1.1090722635173723e-28,4.363562267943717e-30,8.081979065485499e-45,9.068839975533129e-23,1.894654266738941e-27,2.578963999627853e-29,5.986551161491202e-36,2.857522998218225e-24,4.206139389043155e-31,1.738866157226274e-33,5.894799199132192e-38,1.7777066083018885e-37,2.689068865971891e-29,1.454480551668255e-23,2.608711861200406e-35,5.094736296194172e-35,3.141634053534022e-41,5.771722952489002e-33,5.393345370222651e-26
TCGA-AY-A69D-01A,0.29676470874867555,0.7032352904639618,4.490923883236165e-28,1.2298576526241436e-29,1.052103782391366e-30,5.105594729904704e-28,1.93802578618074e-23,1.1893067176140322e-30,2.155526372396851e-24,6.131375753889955e-29,1.1326003639116228e-33,6.641452267312171e-27,2.1047311750109642e-24,7.181459971892212e-29,2.119771273395796e-26,2.0944437483554424e-29,1.2423921936308314e-33,5.790358766819101e-24,2.4170309264988696e-23,3.006661488442282e-31,1.0290497620105566e-28,8.847928939117971e-35,1.0425897942757703e-28,2.5996049953076706e-22
TCGA-AD-6889-01A,0.3048913390437413,0.695108660170704,2.1690464389354613e-26,5.685047673788071e-23,3.5628097713015953e-28,9.082925635627121e-15,2.957906617487643e-22,9.21141067479191e-44,5.938111565909717e-21,1.1487909428362806e-26,5.379943691452781e-28,7.546114653681732e-29,2.2556829022623015e-15,3.2338490423837576e-19,3.269241216088335e-32,4.924026706482312e-40,1.666287031768148e-30,2.9581476616997567e-28,1.1359256430355123e-21,1.1892152389533214e-28,9.60354912099517e-32,1.967457930296463e-40,2.560503689461762e-26,9.069766599380432e-20
TCGA-AA-A01X-01A,0.3054839783307142,0.6940167552426365,2.4954669849670255e-10,1.7864794804189132e-11,5.3290795577141495e-20,2.947107132922059e-13,1.3606001480009491e-08,3.371114939045555e-26,3.0225276065503082e-12,4.259738427707033e-12,0.0004991688241107112,9.549760245943442e-17,8.109952942953616e-08,1.8493612978295205e-19,2.4535668456981586e-13,2.4271552718797796e-25,4.4110685181302224e-20,1.986292701943891e-25,1.830414592828111e-09,7.359833578591741e-25,1.839957524451547e-19,6.4005244449278925e-28,5.14654115155354e-18,6.035179959993002e-12
TCGA-DM-A28G-01A,0.3148564766995296,0.685143329793364,1.3591775547284745e-18,5.666153574913037e-23,2.7107165809378492e-27,1.0806514017803168e-22,3.3911242187400383e-15,2.473443257808268e-31,1.690366144558092e-20,2.5812149712705362e-20,2.9889892338689228e-22,1.7444465730707448e-15,4.391260568174035e-20,1.1650005207770048e-17,6.288386811923841e-20,1.51060628880416e-26,1.2354853705210754e-26,1.4426694730335545e-19,1.9272355526170592e-07,2.179219382239906e-27,8.153277145941832e-24,1.0590926514761365e-33,3.1268585932807154e-24,2.339224331291453e-13
TCGA-QG-A5YV-01A,0.3211862570708354,0.6788137421472694,1.533227614416998e-27,8.835342771922972e-33,3.8374617259245883e-32,1.0969769537011684e-24,2.2986200849717416e-29,1.2435583195335886e-41,1.1080664492896182e-25,1.791624849258063e-29,9.754445788688394e-33,2.9539648251698374e-38,3.293408068126471e-23,4.985363697254314e-32,1.095431119550354e-35,1.1693520394750046e-41,5.396322136946494e-36,2.2176094350628046e-30,1.6977673460755926e-26,2.5673369445774013e-33,6.90043558544562e-35,3.488011278635479e-43,4.948276661019833e-32,1.8759870050180628e-24
TCGA-HF-A5NB-01A,0.31471147818935535,0.6786227547583336,1.8072536422072983e-22,2.0819663395542028e-14,1.7910947867831373e-31,9.599748227694415e-24,1.6623763242344977e-07,8.507252222846962e-23,1.9820951880308564e-18,7.412038409236242e-27,1.892303211727239e-29,0.006665599611000908,2.4641138397992664e-14,1.1029699056420889e-13,3.916113423604648e-19,2.9586937210348806e-24,9.553736023747187e-28,1.417209573597295e-17,4.211202787266587e-10,3.2539784387882188e-25,1.13822474118835e-18,2.1843891093025065e-27,2.866279353981632e-18,2.0743325421417576e-23
TCGA-NH-A50V-01B,0.3240432666734882,0.6758534927297115,2.6775937375075512e-20,6.67314892494858e-18,6.298785067674786e-19,1.0707959525843028e-12,5.952719515683279e-19,1.155221123048619e-30,7.908253231171905e-19,7.285713134778406e-20,1.533067083875389e-06,1.060709393609313e-27,0.00010170674740900977,4.50919959175987e-21,1.8141742102855909e-23,2.517261580677564e-34,1.524094152042112e-17,1.0521272764349093e-23,3.3576372229335846e-18,2.5707062914170937e-26,2.6438882754462933e-26,7.32299634208856e-34,1.2529017369490013e-25,9.408617242266816e-16
TCGA-NH-A8F7-01A,0.33046954474074003,0.6695304544794417,3.410143485373616e-20,5.179379215493489e-34,9.719358963613653e-27,5.6392280558461875e-30,8.386857667056973e-30,1.4887477435789718e-36,1.6838144903841599e-15,1.1263493567065068e-26,7.578622883328787e-29,2.6242949380187497e-34,1.4255339276962175e-25,8.826932302279068e-34,4.642924833895834e-26,8.234526433129027e-35,2.4772156219945764e-33,2.9403714166122704e-27,1.3586302449076714e-29,3.942228812860572e-29,1.1828325342932124e-27,1.8589007844572137e-38,2.0163372182525392e-29,2.3533132589803396e-21
TCGA-NH-A50U-01A,0.3322168645938512,0.6677831346267205,5.044889282947029e-25,1.1850017018558893e-24,3.9152013642008096e-32,1.443858065452017e-23,3.1227177620437303e-21,1.7633711347764794e-39,2.648382799114661e-25,2.521197658489464e-25,2.416098117857241e-27,2.9700846861607626e-27,1.4272866336132786e-18,6.203388840010584e-23,5.418478818475039e-30,5.791704146708143e-37,1.3201176507170993e-32,8.234694547168466e-23,3.000060877564535e-15,1.3245771905169683e-31,9.464716790556579e-29,4.994905615332129e-41,4.06878833865436e-30,3.725784829144341e-21
TCGA-QG-A5YX-01A,0.3334514772025262,0.6665485220183248,1.4951352403658009e-31,8.188265763221857e-32,1.5062758600563358e-32,3.2303742142911404e-24,9.61028394651858e-30,3.185612152628953e-34,1.4237345581160586e-26,1.6241922554728425e-31,5.370900588846395e-37,1.455379150585742e-34,2.964617376814405e-26,8.680019260139282e-29,8.631752324813824e-29,1.3590380647097887e-34,3.3999597091578263e-36,2.325913319308579e-24,1.543200826929649e-22,1.004125406614715e-31,1.8686653246776082e-31,1.0002492015598807e-40,7.667375674209281e-33,8.022057032540765e-27
TCGA-IC-A6RE-01A,0.334831011721899,0.66516898749926,3.144745086724646e-18,1.0059607069562955e-31,7.350596200736851e-30,1.4767548330414565e-26,5.749683269947884e-26,5.290477662522317e-35,8.349266707585542e-16,6.831466115597759e-28,2.140401537216418e-33,4.1936700233596005e-31,8.751576864979381e-24,3.2377807310024396e-29,1.768153348734242e-23,1.4928444172881073e-37,7.164640069858978e-32,5.930393755805701e-24,2.4995623878089847e-24,4.932170982320811e-30,6.248437825991873e-27,1.3734994897041414e-39,1.908609756312559e-26,5.7153162781733036e-24
TCGA-A6-A56B-01A,0.33541341083459447,0.6645865882964518,4.886867390383678e-24,6.0216820195789896e-24,8.473661533219902e-27,9.024390634749301e-11,2.1548930583903082e-24,1.1403847520768857e-26,4.1953706044339036e-22,6.783541810828825e-25,3.093374837058114e-32,7.419657435018021e-32,4.256545526873724e-23,1.439837227793441e-23,1.9279632180848224e-27,8.218494657388557e-35,1.6866326485809402e-30,4.120598383438335e-24,1.1954002735771921e-20,2.9286444017954984e-24,1.4071598814325192e-24,3.543771563697894e-36,1.4050273061540098e-24,3.251643453008858e-23
TCGA-AY-A71X-01A,0.3412558978821223,0.658744101340476,3.50258547891234e-32,2.756548867909638e-32,7.438215958722533e-34,5.952423982268836e-26,4.084876091765499e-28,5.572818048870251e-43,9.253000062288694e-32,1.4826995755813665e-31,2.8102706243283545e-35,1.2814976689476544e-30,2.7538114951369228e-24,1.499110749075372e-30,5.8653973652224605e-34,5.533261000443917e-40,7.451803196049453e-36,2.4618148587772885e-30,4.667353651537605e-25,2.0921974104776964e-33,1.5031657059240228e-35,7.569775902850169e-44,3.6085180535956485e-34,3.0407600127619957e-27
TCGA-NH-A8F8-01A,0.34463712913342087,0.6527820236107753,2.5760816431328265e-18,5.923727802467915e-25,1.458559830809862e-24,3.187246188659867e-30,3.4399901182160234e-12,1.3187322716068668e-08,2.80769505667342e-19,1.1679651092049462e-23,1.7144880834951718e-22,0.002580833255470868,3.7747861328833474e-23,1.6889693709999166e-18,1.8276351692881963e-11,8.180333892719857e-19,1.6149834759089343e-24,2.51324785490016e-21,7.228258809359068e-16,1.778012482240158e-26,3.349033538071797e-20,1.938292779522138e-22,4.1307309920795807e-16,1.5013050883615338e-11
TCGA-AY-A8YK-01A,0.3489510018418393,0.6510489968434323,2.7969334711293227e-22,3.322041838772429e-23,7.214059656309955e-23,5.390496224337517e-10,7.56551391127445e-27,5.132585899623563e-18,2.6514223521770205e-20,8.094373520253996e-25,2.7811005130278386e-29,1.0952487776397938e-32,4.345868151465317e-20,7.9397353819721795e-25,6.539555426663367e-21,6.289680503155089e-34,1.132325461909877e-27,5.1845417197713923e-20,2.490118097527063e-24,4.6542015805744794e-24,5.1666795391730645e-23,4.0278027604994374e-32,4.3742662957956736e-24,4.281608846292774e-19
TCGA-AA-A024-01A,0.35144309509591676,0.6485569041289624,3.305645713996842e-30,1.387069960299438e-32,1.3804005011896397e-35,1.7486357085979907e-28,1.6944501678152096e-23,1.55214789695096e-33,7.252017223482559e-30,4.3101240747877075e-29,1.0803279555777113e-35,1.7549083220033654e-22,1.0251945883835442e-26,1.1942636132055876e-27,8.739700374538953e-30,3.2476530184553156e-36,1.6908652480003201e-37,4.52506260869767e-30,1.383504539649333e-18,6.3905916978104056e-34,1.29215685241425e-32,3.056030375660724e-40,9.827372822015588e-29,9.471967737919554e-27
TCGA-BR-A452-01A,0.29413985814304994,0.6458169403093906,2.5006854076311313e-18,6.205638829971353e-12,5.87220644052256e-18,3.9301702212983855e-08,2.5295307930003633e-14,0.04246852752415385,5.003684824272213e-10,2.4993877904406568e-20,2.6792086169058325e-22,6.269451253133879e-22,0.009199375801162096,0.008375257637435414,1.086449501837406e-15,1.0992399730784668e-22,2.724795619883146e-20,2.170409114742897e-15,1.4485936396166754e-16,3.844586516849289e-17,1.682999762741676e-15,7.711110585276819e-20,2.5546374070153942e-14,5.990476150935508e-15
TCGA-SS-A7HO-01A,0.348836357006025,0.6349545701363841,8.042693986797833e-15,8.034038512490281e-17,5.6539168000316147e-14,1.6917996134966004e-15,2.4593540754259765e-16,2.0673094568784162e-26,5.168906347115124e-05,1.8021676624227347e-16,1.7238594061945313e-21,8.192853538879814e-31,6.12370898271134e-12,4.338094339183348e-18,1.3909615685852162e-16,1.3217724480473044e-25,4.715374103741586e-18,3.2404340089170396e-10,1.2533613723916857e-18,1.9741424248739826e-16,2.834899404005996e-21,1.7785412891673984e-29,1.8228777708127052e-25,0.016157382695483634
TCGA-VQ-A8PJ-01A,0.3251597214682744,0.6378572984223809,8.037733271159591e-11,4.773399057423275e-19,5.136827032538127e-24,4.791261294862889e-24,0.0341210183509622,1.2853432816512104e-18,0.0001889740899422837,2.577879031788233e-18,8.212374058041579e-20,1.5134270113411643e-05,2.7805225739583038e-06,0.0025300355112227633,2.8711454439383295e-14,8.324833043286936e-26,8.48895920839925e-23,1.5325918813114935e-09,0.00012503497604706695,1.5117020110950956e-23,1.360508153330382e-15,5.747056318014345e-21,4.414126182359976e-13,3.4576467244605407e-13
TCGA-AA-A022-01A,0.36557281351020277,0.6344269317214085,9.588850671017957e-20,7.065158718846743e-33,3.16175020876419e-26,2.6823871818675515e-27,5.916305380336401e-18,1.3770189384686736e-13,5.921613913449687e-20,1.4619978082768063e-26,1.0347334267105457e-30,2.5399621794277484e-07,4.364783938883029e-24,1.11595151635171e-19,1.5439218630647558e-17,2.1443483564911714e-26,9.630661008990723e-24,7.98609763791021e-15,2.5574616956367443e-17,3.7900919953886745e-24,4.191119596426387e-20,5.4553742088585116e-30,6.780351946997941e-14,2.6408791741916482e-19
TCGA-AY-A54L-01A,0.3817161266820477,0.6182838725496064,3.021594057411434e-25,2.948930818435032e-32,2.7363836317288017e-24,1.0808986219498043e-29,2.4022872957127945e-24,1.3016745544441048e-25,5.754377637320529e-21,1.1236069249543054e-27,1.236574965277313e-27,4.790672407937027e-25,7.468371185332129e-21,1.399051708824034e-28,2.619159352167984e-25,1.8501044995714154e-32,1.8471385994400987e-27,2.196255608017698e-19,1.3708643969614993e-24,9.730364410042966e-27,1.8129662561286062e-28,1.36668149816888e-36,1.9348534020570355e-26,2.746863000826784e-15
TCGA-A6-A567-01A,0.384375057637445,0.6106578344247394,3.8034913982264484e-17,1.3565562839685029e-16,3.966875471405666e-18,0.003839644956910438,1.3900647960773715e-17,0.0011274622137772028,5.471178832081505e-16,8.486826515735184e-19,8.631520133429232e-21,1.326357492818977e-22,2.5668755699063168e-18,1.5504029253389326e-21,4.282834788145806e-15,1.9944725397669422e-26,2.7477387087153074e-24,3.424890784377086e-14,6.812148892370944e-22,1.1835098563490504e-20,1.4956188875367634e-21,3.356298307717293e-23,1.6994793953168747e-17,1.655673761054941e-13
TCGA-L7-A6VZ-01A,0.31496981953080355,0.5596060049628085,0.00018557587491505108,3.0520406425747313e-18,4.0930692207240665e-20,4.7555982364708816e-20,4.825880183157939e-05,3.104846825740918e-26,1.479877048156167e-08,6.188193139158637e-12,5.917434182723017e-10,0.008960920254664896,0.014664734864885003,1.3617582018066993e-05,3.1993911037506943e-13,1.0215244848173792e-29,2.466947008163548e-24,3.2595255272816944e-17,0.10121494847408827,9.993022406576684e-19,1.3652260567076082e-13,4.053434523594196e-24,0.00033610350722554713,9.190349378952804e-16
TCGA-NH-A6GA-01A,0.3834879284006077,0.5523746098374557,3.1257136659493474e-14,2.5972830602845013e-21,1.2859125868611406e-19,7.922098729456017e-23,1.8081546278056585e-09,8.470627915188982e-07,6.452503804230393e-19,2.807001080927707e-20,1.7299803035295045e-22,0.06413424491205622,9.192889721567901e-22,5.4602522576904476e-17,2.367128414852235e-06,1.9507638591662525e-17,7.150915140132873e-24,4.232879692392056e-16,6.636673991519405e-13,1.1746475167541389e-20,2.295851736616706e-15,1.8519572682537797e-19,9.081051359962392e-11,1.382489198965115e-13
TCGA-AA-A01R-01A,0.38261530653315984,0.5505863423682792,4.507444050014048e-25,0.034683334597423766,1.5478412408415455e-18,5.2304311886686535e-09,2.1002811665756876e-16,7.360374112589823e-13,3.9405767586717336e-16,7.07893038574364e-21,4.176232069710283e-09,5.024424828515271e-13,6.451090935196804e-05,8.749159701443569e-13,3.621091746151239e-20,9.623754193420444e-23,7.618862209310064e-17,0.03205048638943496,1.7613598276839104e-10,2.6487793630642683e-16,2.0132248531805463e-18,7.986914726369625e-28,5.623675074671176e-18,8.859780764444182e-09
TCGA-4N-A93T-01A,0.2831751587556416,0.5447361501051512,3.503465765775567e-18,4.707576611961543e-13,3.8946060692648185e-17,1.9686843271787087e-15,1.8503963562058345e-13,0.06695095177024295,3.212662700745024e-20,7.145658517267285e-16,5.304699209485882e-16,5.311074787594296e-10,8.333679158017674e-16,3.983195082501835e-15,3.83443183053428e-11,0.1051377379374829,3.2759344287470815e-20,1.9711285534993915e-13,2.7097497917205e-15,1.9506863807799733e-17,4.730295976691171e-12,1.0376850721330177e-10,1.3677978925709558e-17,1.2270911501376351e-15
TCGA-NH-A5IV-01A,0.3739718901981321,0.537079682149931,3.825535476345657e-27,1.470632943942513e-07,2.906253622026994e-20,8.743007653385632e-12,1.1505006408460342e-16,0.08894827813506292,4.051814369510835e-23,4.509091805239532e-25,7.963511427793803e-17,2.894771904459973e-10,2.9929720923164774e-13,1.5917367811902168e-19,3.268072485529609e-16,1.0040714728236064e-11,4.927293612220656e-23,1.3913479669110543e-09,6.351329413579935e-14,1.198246710700782e-18,2.251860413733856e-19,3.152538124035974e-21,3.718124624861391e-19,1.1707846045647112e-14
TCGA-BR-A4J5-01A,0.40755909650113464,0.5197648786764317,1.2293686416994257e-19,5.10555484540587e-10,5.343094568700912e-24,3.1168538434001663e-10,0.00670855094919899,0.039768126067927984,1.257896155352898e-13,8.846887313998219e-21,5.7153740759602595e-22,2.3164636062447972e-05,0.025861754365864745,0.0003106481743306795,8.873746604641284e-15,7.61474020525576e-24,7.474702060387753e-23,1.3992347409805253e-15,3.779055096945523e-06,3.435133166532396e-22,5.565237586419792e-19,6.4767115992424845e-24,2.540284062888458e-12,8.724776334675446e-18
TCGA-BR-A4CS-01A,0.31765326665628396,0.516682994095484,1.2540972878371938e-09,1.1248784381818701e-07,2.251112943407801e-19,7.380358973642243e-13,0.01972175033920243,2.8818969058305095e-11,0.055621112238499255,2.5355692668801814e-15,1.4990703127223385e-13,5.203950130820234e-15,0.056470827213147064,1.1603005362251284e-10,7.955440877020498e-12,5.367950548980692e-23,4.172761675384606e-21,3.5770683600586736e-09,0.033849931228600486,2.6796271472192786e-19,4.829395363909545e-14,3.6397101618130027e-22,7.796999594707963e-17,3.4442253304434465e-12
TCGA-CD-A48C-01A,0.3650900388278519,0.5036445315244159,6.055491736218227e-11,1.2741439434487665e-19,3.932550233794223e-22,2.2382698754769053e-22,0.0034388000559282183,3.940140309916002e-21,3.3212343148669354e-12,1.2674387151568805e-20,2.7076786083190153e-21,0.015541356921502523,2.6515929573382134e-11,2.0242902069007072e-11,1.2634609959584116e-11,1.6120010519881e-29,4.13396294183304e-22,2.988576915890078e-16,0.11211696672462394,8.408129391883695e-22,1.6054200527049288e-11,2.6404891992946033e-26,0.00016830506975662097,2.722580975739718e-16
TCGA-3L-AA1B-01A,0.3682369413193956,0.5108690609764016,7.144208521286039e-13,1.3171664774029496e-13,4.560465359551805e-13,1.5070605039969004e-15,3.622681311203495e-13,0.11999597545606969,2.000325215181121e-18,1.0924994973848865e-15,1.5006201181506816e-11,2.0212063369851253e-09,4.2017032836940774e-13,1.487301833074213e-20,0.0008977758975412134,2.371384990838092e-12,4.1735062091793754e-21,1.1388165129008962e-14,1.081740877970637e-17,2.222568601965477e-16,7.746442306689735e-17,1.585394707102105e-17,3.302993987301372e-14,2.4356087416210044e-07
TCGA-A6-A566-01A,0.40794459802551225,0.49531955931938193,8.453544144820118e-16,1.0546912700753896e-22,5.28543180960693e-22,8.824244113590233e-25,2.4457012436013424e-14,0.09670853917041053,7.35312254446982e-20,9.11134104150236e-23,6.0703138585064245e-21,2.7302160323033214e-05,5.300647205990345e-20,3.250811854078118e-23,5.6273634701597374e-11,6.931056722474425e-27,1.0200766796315531e-23,8.001136343154559e-18,9.395114568654301e-19,4.703894196411376e-26,3.3691277275046643e-22,4.417457266632344e-27,9.618517152213841e-14,5.234292615295527e-10
TCGA-BR-A4J9-01A,0.3180864231384458,0.48613660833618344,8.164872547262626e-13,2.3895975140353246e-15,4.448040208429877e-21,6.883536086829636e-17,0.005639957996485544,0.12661673289756759,5.613340021479147e-14,3.5870587242270426e-19,2.2545400989368666e-18,0.06165139752096345,7.168298361326846e-07,0.0018674859389423407,3.996892895942629e-14,3.491074738848218e-22,1.3057834816403263e-20,4.013460435116134e-16,6.753378679027589e-07,2.686902623262314e-20,6.15410160668581e-16,3.0195624995316656e-15,1.2505918309347356e-09,3.142876681948008e-12
TCGA-M9-A5M8-01A,0.2552408584956872,0.4810621585132168,0.009719249802194768,1.0187526005316194e-13,6.2891806357105556e-18,7.3650921594227705e-16,0.026574792650817084,2.8407348421316776e-17,9.465076712885204e-11,6.562732856689021e-15,3.6087626347343617e-10,0.1911985076788717,0.0361318861651649,2.1100590064501633e-11,1.429972231425705e-09,4.918567356818345e-19,5.1875373126972444e-18,1.3087586422979772e-18,7.254342149370207e-05,8.004896250723192e-16,7.675598698852038e-14,4.067989867084313e-16,5.791677733924087e-10,2.94672066819563e-11
TCGA-BR-A4J2-01A,0.3787838643085464,0.4500614320243297,1.013182452218748e-22,9.794703071337224e-07,5.960823964778822e-17,0.0016850407256099626,4.0752065839178216e-10,0.00021460190450182872,1.1905219977213995e-13,1.8583567352181865e-18,6.703618240158958e-22,5.293252423988095e-16,0.16905358137828144,0.0002002752289168475,7.545949395769601e-10,1.321371150025253e-08,2.2700655996809302e-23,2.0980364039167625e-07,4.323025898174811e-11,2.5841890372773764e-13,2.2112651255897662e-13,1.3231422090699e-15,2.8842663542180293e-18,1.877704538722285e-18
TCGA-VQ-A94O-01A,0.37225623544679515,0.4453305352076099,2.037930569567286e-17,1.1448893084867146e-15,1.2282274651472115e-21,8.979431519145832e-15,1.1959338837862264e-05,0.17790043436952338,5.1977605861070145e-14,3.1957041523992346e-21,1.1022013274276894e-20,2.771723878852482e-11,0.0037020984204283267,0.00013050890705921606,3.208802622900273e-17,4.5584652135016466e-23,1.7253226278957789e-22,0.0006682274811346201,4.517805581122185e-11,1.0612093572330009e-18,1.6076094243377094e-19,6.330828472374971e-22,1.1278360598676992e-14,1.906447971754637e-11
TCGA-BR-A4J1-01A,0.30082365174439474,0.4301079047118269,1.3062220667818274e-08,2.8366088290441233e-12,1.513184961564454e-18,2.7022503523348515e-11,2.139861949493095e-12,0.0010809866704203327,0.06027480653293492,9.679396515362515e-21,1.5108837235830896e-19,2.8318245739069665e-15,1.2449335397469348e-12,2.5274251711763746e-20,0.005167735768682834,3.240008898165853e-06,4.8833889632463175e-20,0.10155607952211174,1.6538029715163956e-10,1.0732448204431617e-15,0.1009855810577063,4.0775287027271115e-20,1.8660252257951612e-16,1.1332092636241381e-17
TCGA-VQ-A91E-01A,0.3925700917618276,0.40974840966695486,4.650184488997768e-21,1.114844180115836e-13,5.112888942513395e-19,2.129821774540847e-12,3.8129594657389216e-10,0.1584811155904211,1.8126953794368677e-16,7.864705050118444e-24,1.9716035780744293e-19,1.409598853932777e-08,0.03354590974824921,1.0778641638219633e-17,1.9413983306526696e-12,6.351255598658141e-08,4.6328170836537564e-20,0.005654394420627353,1.2314686509360665e-11,3.0681326046928408e-15,7.683258670137077e-11,1.8938857403521225e-18,4.396331517331056e-14,1.0263965704791768e-13
TCGA-D7-A4YX-01A,0.3241041736500496,0.39064182712117534,1.984004043298045e-15,9.314337030323422e-16,3.2152099720780423e-18,3.404257019147742e-17,3.1102326150018183e-06,0.22620049408347398,2.3586495023715324e-09,1.4443522200036618e-20,6.486450316502936e-20,0.0568281354282732,0.0022154284247549237,1.2424829472898426e-13,3.578959212742834e-17,3.538860683203799e-09,1.653014010085731e-13,6.710871123325471e-06,1.0303491189077676e-07,1.9624018073044476e-14,2.248965688484255e-09,9.356995071870753e-12,6.804323943867718e-09,1.4622912805522552e-09
TCGA-AA-A01P-01A,0.3602447176663444,0.38688104758791725,1.7836978405534245e-07,9.268286483236459e-17,3.536085557429754e-13,3.769507972166384e-15,0.002031096529582599,0.1557905223759751,1.6766355672981187e-10,9.552426098961744e-19,8.112794413910177e-15,0.04617680843430346,1.5122946702064183e-08,1.138995173150132e-12,2.3026268792519987e-14,1.302885879813818e-10,1.0619837784313727e-14,0.04882365083248941,4.8585559830186435e-09,1.4145516542257998e-13,1.200828482013642e-14,5.879061039744505e-11,1.0032702161875236e-07,5.1856812311821275e-05
TCGA-L5-A4OE-01A,0.22247125850557864,0.3725597574116079,1.3636481546442087e-21,9.74204194507476e-18,4.4781784936940385e-25,8.78030603249912e-19,2.3925487570873666e-09,0.005745742519728868,6.874931127562465e-20,4.4986479487934784e-23,3.8790280730805385e-26,0.027459451378022436,4.69053662681006e-15,2.4053421411181454e-15,2.0906391217801824e-13,0.22861496213911758,2.4132078833537187e-24,1.4865218197310555e-09,4.0422034686761104e-10,5.971346034869207e-21,0.14314882204256618,1.8983389529906545e-12,1.2617008371439577e-17,1.0159197866406078e-09
TCGA-BR-A4IY-01A,0.3306661463212686,0.37695977145735443,3.0220731020283284e-14,0.00042771405249428175,2.0558138655460635e-18,0.04931005994776809,0.004552261132392941,0.12068933685607339,0.01814635867414451,5.440966755261149e-13,1.215332215876797e-19,3.682827919415975e-19,0.09621914854547786,0.0030291935247683164,5.90657764837156e-12,2.0312746777043268e-16,1.8588500071509086e-22,2.3169049405095555e-09,1.224534904871958e-10,3.467456180783025e-16,6.311294207471487e-09,5.009901073304031e-16,3.5301740350850692e-12,9.16611601002794e-17
TCGA-44-6146-01A,0.3518516217274249,0.37450426500834116,4.0586949708464734e-14,1.4758436326196435e-08,1.2265991127795293e-24,7.842977803892189e-10,0.26009529321246766,1.2226256433715766e-13,7.602804475199122e-16,5.07913580131004e-13,4.359078516606869e-17,7.527683337321411e-08,0.0031862684373673896,7.632378544056338e-11,9.610538684543106e-09,3.299546557885601e-23,4.049206967649322e-27,3.8469657212940115e-24,0.010362450379272931,3.327206663631029e-22,4.184455132729395e-17,8.910625066723006e-26,5.2950678016222355e-15,1.2722073689397873e-21
TCGA-CD-A486-01A,0.276639142942999,0.3362750646985534,1.1818731789881307e-11,0.010547582838385236,2.0643162219637814e-19,7.226775334560535e-09,0.08252158513020134,0.05948888325266904,0.05286984281622945,6.685062431703058e-19,1.3397282299737803e-07,5.475469223801336e-07,0.01240282942054005,8.645736704354676e-09,0.0009591205729583214,1.5561633137626839e-07,3.458629225485352e-21,0.0935940228479213,0.0744336629318416,1.941917807705012e-18,0.00026740881590134086,1.1536120855905082e-15,2.9483523198649248e-15,2.89234211630173e-18
TCGA-UZ-A9PV-01A,0.0693254419179746,1.8067910776057783e-33,0.9306745573483681,1.37107594342857e-41,5.056952229782386e-27,5.664819205990285e-41,5.378983586115435e-35,5.027022061785069e-43,7.108512562913297e-26,2.6377859057949427e-22,3.354638134697688e-35,8.874533657352748e-43,5.697800408419601e-32,1.4411066402851605e-42,1.0597198030021315e-22,6.393763896544071e-40,8.873469488585282e-33,1.6496809362275718e-33,1.145266063325884e-36,4.9528336546226146e-33,3.428773987855818e-30,6.64843137882444e-39,5.862206226913384e-24,7.793757448228845e-34
TCGA-P4-A5E6-01A,0.09419965305299635,1.2570695862146965e-33,0.9058003462161193,7.476201902528002e-41,3.989734928935593e-31,9.43819680603026e-41,9.671847108877089e-36,1.0883646796803201e-43,9.190219104360513e-26,4.23818946457701e-22,5.088555888433898e-37,2.3203377874434971e-38,2.1753518296766105e-30,2.6783429890395045e-40,5.102267092464443e-24,1.0800413069738651e-41,7.13797457231156e-37,1.15232570167277e-34,3.452809653470827e-36,1.4289433609743967e-31,2.3305636560704728e-30,1.1182095148686131e-41,6.180021562949978e-25,1.5295105537863343e-32
TCGA-F9-A7VF-01A,0.12263451876278803,1.0693759540185008e-34,0.877365480509497,9.189613089760029e-40,3.352488173231994e-27,9.761510708809037e-42,9.090406660138767e-30,1.0896558295951654e-38,9.9367962804893e-29,7.2578681702253215e-22,6.958775767340632e-32,8.712164483227063e-33,1.252193065612448e-32,1.7584237905726825e-39,1.8035602122375857e-20,1.6872949562336003e-37,4.758055621851534e-31,3.5071210728438522e-31,4.6435691004285645e-33,7.425626878691006e-31,3.535285008142499e-26,6.107149695767236e-37,2.1966454670426525e-18,3.6446515751722444e-31
TCGA-UZ-A9PL-01A,0.1270282944160622,2.528575202114438e-23,0.8729717048567126,1.2768651474035845e-35,2.7583089492941095e-28,6.989770415096273e-36,2.8400512606669044e-29,1.7637302722241225e-39,2.3707413704899252e-24,6.216866060987055e-22,1.1644222176897236e-30,7.179734648342466e-33,3.7809548863965455e-24,1.4387942524270055e-34,1.7394777540200887e-22,2.5470885801588683e-37,7.249170210655329e-31,2.9216938541442247e-29,9.016274119103997e-31,7.839368485488533e-28,1.9193652879605127e-30,7.042124741526449e-38,3.195658526139511e-24,3.7642009018983173e-28
TCGA-P4-A5EB-01A,0.13345853199609414,1.1204778933058981e-27,0.8665414672773976,1.1003291073756997e-38,4.184473195881597e-33,4.784230048726406e-39,9.978858169169792e-36,2.8685122206843276e-41,8.79818908406973e-19,1.0864656560655514e-23,6.418981826066138e-42,5.201232444745944e-42,2.6291746094810726e-30,1.2071118491176627e-39,1.015033616416135e-20,1.0636028553436844e-41,1.8160235279269918e-36,5.30646754429142e-32,4.290958765365893e-37,3.727795551488402e-30,4.904851861541211e-30,2.319833080662234e-43,6.475529884626375e-30,1.0957918463757316e-31
TCGA-HE-A5NI-01A,0.13361775341673976,7.56256074152842e-27,0.8663822458567697,5.045312929349387e-37,2.3098280690655053e-31,7.91948215976729e-38,1.692735777847216e-28,3.174657865783666e-37,4.525133711581066e-26,1.9111603015134267e-24,2.7348564490174057e-33,1.30783448728465e-31,5.440168529742028e-29,1.3556682673348964e-36,8.864536400597109e-24,4.245698473117648e-38,2.0930595101409873e-33,1.0660281100164219e-30,5.2634918574938e-30,3.239677872784327e-30,2.71977400551669e-27,9.823062464777439e-41,3.1069325068535157e-22,2.746507169233541e-29
TCGA-HE-A5NJ-01A,0.13666148072364412,2.929961257927224e-23,0.8633385185341707,5.822374206853991e-28,1.9819931244063426e-23,4.453159743957764e-30,7.689976551387078e-22,3.1589554960849554e-39,1.3612707507489438e-26,1.6031088969053678e-11,1.9890937394215922e-16,2.943534925300209e-23,7.483506697687969e-20,8.531205977977423e-27,1.4944298175346845e-21,1.2830649386652398e-34,5.515332292063727e-31,9.656474218589283e-29,1.1630528110751068e-26,6.1776357441733e-27,7.839240866304357e-25,8.604735067147159e-35,2.6916527021441198e-15,3.2496872434817084e-25
TCGA-B9-A5W9-01A,0.14153978205314344,7.894330561931078e-35,0.8584602172212489,1.3374942968109063e-38,6.996349133645726e-25,1.79349890183031e-35,9.405809123063598e-34,5.103716180996096e-41,9.099987017619738e-27,7.524319337574168e-20,7.96500199350659e-38,9.014712263400764e-42,2.7717250070663427e-30,6.063599132454652e-39,3.909792473135044e-23,2.6012058891449323e-41,1.442332716553077e-30,6.81092177881231e-28,3.9353876543915115e-36,1.7888620041653188e-25,6.15979162436317e-27,6.386328033294372e-42,1.2023964530364672e-25,6.890041336326449e-29
TCGA-B9-A8YI-01A,0.14407324911435998,1.930534221419436e-20,0.855926008192095,4.879227148528448e-27,4.1155103870993726e-20,1.5777844651201455e-24,5.138913083874404e-35,6.66843608080128e-33,7.419667502166626e-07,1.4696058472410906e-12,4.28665366312949e-30,2.1443263742497146e-43,1.0564804994035407e-18,1.5596813508557987e-37,1.9679325966387896e-16,2.8065388313000213e-35,5.1577345689941525e-28,7.70601265891386e-27,3.022373639631689e-33,1.8502298004323e-21,2.955099436528608e-21,2.697429623053505e-34,1.0599531332292353e-30,3.3753591555281917e-25
TCGA-KV-A74V-01A,0.14940238560789737,3.950493516899876e-21,0.8505976136673714,6.235404699683271e-39,3.622923344987435e-33,1.2441611893160837e-38,3.7085460104759036e-30,3.970628305281388e-36,7.646296728772605e-21,3.115485122445397e-21,4.092053292230526e-36,1.2324370109563596e-33,5.785984532001759e-30,5.612201698394733e-38,2.140633693569848e-22,4.23173003882777e-36,3.7204561278049955e-36,2.324867611895585e-27,1.5873721851686725e-32,2.4447103462797987e-32,1.5720582325681754e-28,5.986326522474484e-39,1.3483712614374436e-28,6.030087876022688e-31
TCGA-GL-A9DC-01A,0.1507873399999223,2.5860142314933182e-24,0.8492126592755009,7.33608472787641e-33,6.776007807748234e-29,4.220907314080173e-36,9.415128541120567e-24,6.670327025495389e-37,6.582214609641421e-27,6.4469431071736975e-21,1.7968864161920354e-32,3.736217932244859e-24,3.240452834743748e-27,3.611283865138932e-31,1.0779418300816036e-21,9.827239855374704e-33,5.122688632501226e-34,1.0095645946140585e-26,6.0502836896498796e-27,1.5757551984738936e-27,2.388822856622416e-26,2.6459226082665256e-35,4.185043269092426e-25,4.162693414458591e-27
TCGA-UZ-A9PK-01A,0.1531645671906999,1.3345922995494334e-23,0.8468354320849883,2.9013883333910084e-32,3.025381294432975e-31,2.085881118079632e-32,2.5123683560615626e-24,7.091254394619797e-35,8.289510610622956e-26,6.307539816131415e-17,4.390238746883946e-27,4.716511304219807e-29,4.893557401081947e-25,7.5217801402113215e-31,3.497554868020934e-21,2.083707473443784e-35,3.399797679537442e-34,1.5169300671837772e-23,4.1878170362452724e-27,1.42166474824113e-31,2.7821703629737597e-27,1.6464449192206773e-35,2.7838894043391555e-21,9.033451149503303e-29
